100
30653086
259081
94249
60993978
46509185
47411611
89195126
501289
74693
71564658
70691298
540053
28884497
317
5740072
42419808
59769234
98802049
91537927
88195026
249001
75511001
76487284
3446483
398161
62449
42589
14433280
41616360
82156148
140017
40200827
41272167
88517330
90166668
1874359
34588631
751
25004610
57121
74428078
907
97276603
67260653
60677735
136627
23977665
78020
601
22808714
1693855
12841988
161587
89802752
83768411
91736112
88962401
37110491
88995237
29458880
24807761
78966807
358801
18613144
18790829
80805755
439
81353705
86927100
72358158
94850855
97211451
181807579321
361381
24581263
26098062
305801
11044770
14079454
61472451
22801
74273285
57018591
48569896
127
36698075
5709939
7084657
21235644
289321
236123
1647629281
659119
105779
24096377
109561
61284608
29014327
452929
54289
