1000
73441
313
249001
5436727
737881
293
1607929801
24649
673
191
57121
499
42589
547
199
96721
418609
126589
311
426409
502681
502681
1871514121
495917
733
877969
349
107
401
829921
249001
571
269
263
896809
744769
128881
557
269
19321
769129
103
40591
70087
175561
393179
264431464441
42589
657721
139
127
44521
233
96721
937
863041
283
757
881
734449
499
761
259081
251
249001
829921
929
418609
44521
809
22801
78899
881
251
96557
358801
398161
502681
971
436921
98029801
776161
613
375769
10201
552049
311
10201
40099
175561
829921
109
269
769129
351649
80089
746699
271441
839
98029801
193
613
333667
919
719
1607929801
727
33461
193
32959081
410881
776161
76729
100489
673
10201
229
281
160801
333667
12219029573
779689
426409
613
54289
290363
128881
139
349
193
278699
797
9998000299980001
751
209683
359
127
641
138767
579121
176621
281
426389
197
769
32959081
149137
733
896809
225892559
94249
1871514121
213377
409559
163
52441
307
887
661
24649
139129
557
563
67267
139
97969
953
821223649
579121
97969
181
48959
128881
464869
822649
42589
212521
929
361201
78961
691
514229
397
439
251
397
271
691
173
121801
994009
19321
80089
829
185761
124609
98029801
97969
947
40003
829921
674041
103
137
78997
121801
323761
193
947
776161
241
52441
829921
237169
177241
191
271441
131
434281
379
896809
613
77837
911
331
1813822921
264431464441
281
293
449
379
74947
197
11449
332929
1647629281
941
22801
16129
24649
523
43261
953
811
434281
673
821223649
8392609
857
1647629281
18769
646127
599
582479
241
9998000299980001
113
49729
253009
389
124609
5741
11881
96721
225817
487
316969
827
673
57168721
821223649
358801
187741
883
38809
569
317
179
809
703921
673
251
613
769129
733
271
22801
38989
101
809
673
619
573049
421
447379
994009
1647629281
7367897
463
546121
431
313
82646281
218089
9323254249
877
10524713
28657
293
18769
233
452929
619
257
212521
32041
17161
199
113
307
337
253009
491401
947
52441
421
410881
683
80089
541
597529
9323254249
305713
43261
286213
935089
277
419
743
751
193
419
96557
552049
27889
107
881
380689
151321
109561
131
826446446281
9091
124609
129947
514229
127
78083
877969
351649
631
44521
967
509
734449
28657
460043
351649
99990001
331
273529
368449
467
499
317
96721
323761
503
619
154361
211
734449
82646281
11881
617
737881
313
596951
563
703921
991
809
479
1813822921
732349
787
941
317
229
264431464441
349
167
383
313
727
541
269
97969
337
499
1597
60547
863
259081
51529
397
769
101
273529
368449
1119638521
418609
120409
52441
523
139
577
547
211
44521
96557
564001
413449
966289
881
137
426389
139129
32041
398161
317
373427
673
477481
11449
109561
547
177241
797
734449
373
727609
139129
32959081
743
1607929801
281
619
311
233
389
599
776161
307
326041
277
94249
547
264431464441
32761
195667
8392609
181807579321
457
137
127759
151321
233
76729
821
314749
257
9091
516961
983
283
109561
237169
829
887
2897
220657
739
479
751
2550409
779689
54289
757
953
579121
779689
111333666889
1813822921
776161
307
654481
12769
173
139
263
503
1871514121
54289
1050979
32959081
1597
434281
173
908209
311
333667
263
966289
169061
436921
317
18769
2897
674041
375769
907
167281
94249
786769
908209
991
935089
181807579321
6048059
251
546121
167281
181
52823
316969
977
7051543
94249
709
1119638521
466489
397
264431464441
579121
57168721
97969
982081
433
643
503
499
87577199
743
96721
587761
857
419
32959081
37249
674041
619369
9901
39328185751
859
599
537289
703921
131
827
863
32761
52441
316969
85849
653
192721
227
881
579121
761
853
218089
311
528529
137
826446446281
521
241
983
727609
361201
293
863041
100489
233
241081
22801
96721
743
349
521
271
514229
368449
829921
593
293
128881
521
521
853
229441
103
241081
134689
909091
177241
853
52823
733
449
839
436921
211
11449
18769
844561
499
9998000299980001
709
32041
358801
27889
121801
9323254249
683
727
514229
42589
657721
887
229441
241081
157609
22201
99990001
85849
67357
477481
953
857
434281
229
187489
383161
212521
1813822921
197
107
569
143641
37249
32959081
573049
139129
113569
516961
277
410881
316969
58081
211
313
491401
229
829
733
163
10201
307
111333666889
37769
367
51529
32761
648547
26569
564001
17161
929
779689
863
253009
564001
577
737881
63001
211
439
467
863041
273529
587
317
431
10201
499
691
653
571
201601
229
617
563
40591
9091
337
401
929
111333666889
677
9901
333667
844561
491401
1607929801
719
532459
277811
111333666889
237169
141643
541
359
63001
653
167
313
73441
621497
641
283
160801
739
311
569
674041
227
185761
323761
701
299209
528529
8392609
146747
241
307
829
22201
124609
37249
674041
563
797
635209
491
347
859
38809
398161
51529
643
449
954529
9901
811
1813822921
103
347
528529
966289
333667
10201
703921
701
45571
32041
967
94957
887
909091
577
146689
332929
881
909091
503
60409
491
42589
196249
36481
107
8392609
40099
418609
941
33461
9091
983
643
109
587
313
587
909091
20400131
214369
971
256631
935089
191
654481
418609
7561
151321
128881
111333666889
661
674041
823
449
401
1459273
18769
359
16881679
17161
937
947
358801
109561
733
22201
358801
373
703921
389
769
9998000299980001
120409
9323254249
337
223
432247
131
463
647
109561
929
983
463
361201
937
37249
344569
375769
191
11377643
431
853
935089
787
333667
761
859
734449
528529
26569
193
157
24649
223
149
579121
967
353
389
167
503
353
199
227
131
109
289027
677329
523
36850981
111333666889
22201
16129
263
677329
613
285671
73441
310249
436921
269
896809
214369
151321
613
1607929801
52447
12815563
187489
197
331
2215373
844561
359
439
38809
197
839
779689
907
12769
101
163
380689
307
292681
935089
389
241
133729
409
439
32959081
569
573049
94249
208849
212521
919
311
82646281
853
613
506557
146689
661
404233
809
259081
57168721
617
909091
113
193
477481
373
887
54289
113569
9323254249
349
733
249001
761
677329
307
233
908209
389
583571
739
389
503
163
99990001
417359
423737
175561
587
361201
