100
737881
333667
69169
181
619
546121
281
541
127
187489
237169
591361
163
72361
601
63001
571
69169
881
881
349
523
185761
919
769129
40099
157
72361
617
487
607
80089
1813822921
937
313
383
733
134689
733
935089
113
379
421
52441
863
293
613
674041
337
701
458329
739
546121
863
1119638521
54289
42589
631
307
401
316969
593
883
131
521
654481
421
401
18769
151
691
619
233
98029801
54289
677
997
787
966289
9901
173
591361
12769
571
823
811
326041
635209
173
181
597529
863
641
811
44521
347
431
143641
1597
143641
