10000
29462709
313111
48763277
62284074
45010580
11881
39332006
1208929
88386723
703921
72361
88423286
491
33535629
23553284
335431
9575587
22201
26505923
352967
1647629281
7742918
10609
883
57371
58431973
477481
991
821223649
44521
85762528
47085171
74880029
929
56852152
77005756
52732702
97778101
30899042
770977
896809
57406269
316969
193
908209
78961
409
119081
20268671
18526312
41188608
249001
146689
9323254249
299209
10201
7332190
4499149
368449
44798274
774391
2550409
273529
5743153
49003668
13414983
2660374
57361299
3192793
46216772
66719
316969
95948010
687241
97619589
40208153
1871514121
66049
92315164
266584
1231591
87433908
1647629281
69439491
43393296
81666175
124609
21516326
292681
44374369
254759
131
196249
623377
103
445057
313
27130680
667397
36378255
966289
546121
59869940
128881
160801
214369
11272440
163830497
13635149
954529
344569
371717
63001
38809
1481833
323761
241
95772408
78711180
221443
677
181807579321
942841
51529
12572044
201601
46939010
782303
829921
64282839
79956475
997
22201
367
677329
877969
887
32502638
826446446281
229441
4844475
971
79385177
29737
77095118
77497690
63139009
26693200
51300809
80269479
69169
12769
422491
134689
6775710
863041
966289
163
149687
43805412
367
82646281
87139715
73489513
70523
33155207
829
547
426389
22879
18468814
439
48612014
9323254249
487
380689
911
82646281
143641
79035960
491401
253009
61827523
537289
413449
32959081
99090919
677329
142399
375769
75708506
79003
25060442
36441943
218089
234649
383
98735595
77339499
31132915
383161
579121
81934659
73386002
2469038
506557
63169
90630746
52132567
34318237
8392609
21147911
769129
65730356
89229434
75078688
383161
50532570
82243395
80600691
19538418
16129
687241
93103599
128881
154741
434281
65683245
410881
29019407
78958153
896809
169669
661
36917966
376711
31762530
59069027
7696365
769129
58123097
59149821
15064352
691
33461
344569
29428999
192721
15357917
214369
142003
90378906
929
111333666889
25163428
79445660
271441
375769
27992741
78961
120409
573049
96721
52441
48134747
79381
127451
131
85849
95625940
229441
727609
479
383161
323761
395809
434281
797213
56768356
368449
233
53953
61595288
674041
113569
769129
21421501
557
63109
484513
67785784
18769
92089500
65582504
31036132
294373
634507
20589116
877969
911
80478866
953
757
821223649
94631
431
67276525
3349523
75854707
326041
96557
361201
822649
43865165
38729639
21853510
26010311
96557
63001
76729
85781113
160801
236237
38402433
95688577
361201
2744390
16442525
426389
11843731
409559
279946613
68726693
125327117
552049
434281
80982513
97006012
191
77024819
97183
564001
57121
87385331
654481
93017
93171710
611161
185761
52524010
14227888
491401
91525164
67811171
409
406291
86378355
31149415
95161900
135917
87082784
74299
127087
66049
29404030
292681
328313
113
97804787
79198248
16442268
238541
39601
15802904
28988922
537289
28526816
61707214
53615195
98201629
153397
647
24912475
523
861277
447077
909091
654481
80089
151321
291149
430021
77334442
93230946
113569
175561
134689
63160727
580003
51542539
79886623
54289
75538519
42723714
597529
260929
821223713
18645491
35312557
66049
41059937
72063098
28505843
42774751
389
9998000299980001
30190723
719
46377537
9091
16650117
54053
739
452929
769129
82524513
94250066
14512439
63931135
79881890
66049
27519801
887
477481
72142603
69374969
161027
364545491
15943904
73657066
826446446281
88839574
264431464441
344569
157609
83559809
2389455
8069437
89174349
40591
82216264
63001
299209
358801
175561
677867
226351
39111414
249001
863041
75701422
433
600909151
516961
45130676
25238707
121801
87529876
15699495
2897
290197
452929
843151
99186477
844561
1871514121
430271
31070758
17161
7643526
22569078
380689
734449
919
96721
826446446281
31275549
72912400
196249
38868981
7805028
35362656
56168753
39457199
59172822
120697
147943
305887
146689
942841
412649
355493
78099334
994009
151
109561
134689
786769
175561
11198644
1427287
32959081
421
96913
78491089
430733
71834585
95449124
1813822921
48390788
7937989
18767339
78961
426409
478463
82359797
46727256
35863369
81184027
181249
827
779689
80969206
41336294
49759875
332929
57942746
89113462
84054519
550245
881
37464225
52983213
935089
14265583
62518467
83083096
191
619369
90602280
83166202
37501526
47683026
69533221
31959284
69813274
10799868
21241151
134689
579121
834089
809
44586218
80089
54200428
491818231
70293688
12815563
32041
89570067
23103368
380573
317461
687241
966289
85357532
53343783
233
185761
62673773
92423382
18769
462842
71477472
38809
563677
410881
826446446281
58081
22502844
7586221
61963366
33461
45644329
857393
95666243
2162093
74155410
193
60947963
521
677329
111329
177241
1647629281
5741
204949
499153
72361
32959081
50283913
1647629281
44521
233
86501148
229441
187489
659
8095262
313121
49928467
78953038
941
70516315
541
541337
74498665
90610553
28891
137
47047241
82080266
25684048
523027
22801
727
5956167
727609
6372787
64079159
35901205
11881
73441
259081
99078464
31867688
651059
3951655
278077
516961
26569
31861
734449
66289
361826
12404975
956603
36481
16129
445787
453457
908209
99945998
8392609
274541
57780688
8098892
3647249
9950164
173
92253770
32761
15465792
11491457
418609
9059175
210677
263
40514247
911
18769
70744100
48166552
85741
541
552049
29929
78725012
35942556
25323321
253009
59066266
18490896
57055647
238193
323761
273529
211
10201
48799485
89858887
40222168
83779
541
413449
398161
41229629
50680134
251
72191873
349
727609
253009
25865353
332929
80432921
434281
631
1362241
375769
57121
93586517
369643
292681
30139350
27889
73318555
326041
734449
87306525
859
593
37923393
146689
144281
323761
241
218089
3661430
910729
607
67184444
337273
224339
167281
59700611
68437147
147379
8392609
264431464441
36088492
271457
10201
734449
259081
69214130
380689
310249
443
1647629281
85849
78307375
307
1572743
458329
13392967
15919303
286425553
50940098
42811044
113569
85103796
844561
29244852
982081
16799
61714200
326041
343879
73441
375769
126253
4389577
337237
37249
541
62592035
335707
14857397
97781
17602084
51529
105353
79853160
54289
744769
673
151321
267221
49872520
635209
199229
134689
50013751
947
70691
703921
380033
264431464441
651294
57168721
2027293
31911471
32959081
434281
219007
982081
87827823
343067
78620762
18608204
84985114
982081
72361
613
94249
34807267
42950095
42237377
54500283
24058459
552049
383161
58411881
66049
41358173
60391612
323761
25883769
883
67209936
1647629281
954529
253009
53254322
517771
41492657
43065289
15323314
83333
1325079
152281
83675585
89859014
326041
849859
81728864
118331
27889
563
1813822921
76138005
48620835
491
31315775
229
25248848
647
241081
619847
83476696
317
779689
18769
54289
15496344
43062436
797
47953066
994009
31046313
49899759
93972048
188183
105877
271441
12769
40591
264941
66793729
661
383671
46503292
32041
72361
76323631
38757992
37853938
657721
20395780
292681
436921
941
185761
54510259
142663
21004167
58081
83495987
193229
57828858
496541
18598035
96232073
271441
150547
1754009
91684042
452929
687241
30326258
241
7780601
734449
32150632
105113
654481
3930697
103133
58357930
885481
105289
877
52712058
235913
383161
10384605
49999595
6349855
263
54185777
49211166
95237
45342458
503
29679907
299209
332929
514541
54289
9998000299980001
954529
17185402
863041
61571661
64518268
193
56387380
15111232
787
13641602
67032170
375769
97969
157609
17161
9887290
181807579321
69143680
37825840
68673652
380689
149
533047
122413
821223649
1871514121
1607929801
50217435
5950501
2550409
98837904
77875644
8392609
12037488
76639
14438307
86358461
456751
383407
80183
235981
537521
23999
546121
6852857
84209
93659525
954529
27264601
121801
57543007
208849
17063
466489
218089
113569
43428240
157609
58081
10602782
1019803
32296152
528529
96743796
75482662
87475794
509
564001
661
319933
4554952
133921
29929
1162334
20374165
79707928
84564819
415411
14414471
79649589
68406326
100489
737881
71036277
458389
18886517
466489
703921
79508944
52597
909947
40962149
175561
26129686
56692065
160801
109
19523077
17161
202117
53678582
829
280151
9998000299980001
98199308
38654950
45387743
66049
158107
22599622
9998000299980001
292681
822649
24682302
63001
826446446281
54289
597529
51263748
66667826
47585099
259081
26862274
573049
573049
81990129
911
12594279
34524001
68502588
8196216
91419237
18511659
27712397
337
743
528529
225169
826446446281
877969
821223649
38676741
359
7561
7675545
165029
28169302
452929
165251
29885478
703921
38947908
85849
98029801
73441
166493
32041
40189469
601
809
11114627
1157524
44893774
65594777
69169
786769
353029
30442910
997
683929
63001
63001
249001
76155411
91818343
92792525
18769
70403737
56443905
59307328
229441
51392101
552049
45581045
92492875
166391
113471
631
436921
94249
311
541
31613
75094678
23393
29889697
17418700
23952282
85849
203153
4099614
3647249
35761375
24616363
502693
994009
120541
744769
528529
90449
241081
48233755
7231653
22581099
110633
398161
57260471
39601
2941229
16727057
42091292
38242528
38682118
9765912
564001
687241
97803379
97454265
57694230577
8100009
141203
896809
368449
56528560
11811733
51811
72429494
73441
503
98141210
96571
137
37249
10181850
11184604
55123431
130771
74860915
1607929801
528529
331811
368449
45417504
46097965
72973088
619
552049
27567723
294533
292681
264457
177241
358801
26084988
332929
11464760
769129
44528250
96641
28913860
87173
58916267
436921
1119638521
908209
22593263
208849
29421525
100489
381923
272953
821223649
82924788
63848490
111333666889
128881
4785719
874189
48896775
6360440
311
32054058
80354809
844561
359
259081
139129
398161
384529
12698801
80591645
113569
61386724
253009
85849
64374236
167
259081
466489
776161
48904503
687241
83159
739
69785662
687241
737881
151
5667191
5725670
78128706
258851
58696991
49729
273529
30386973
786769
97969
196249
79466411
19800596
935089
96089034
5741
43767768
383
674041
33210343
39175039
93481900
546121
18871
5736052
601
39764707
36139726
58346670
82946581
1186720
181807579321
53315920
687241
844561
96451798
114791
46009617
53465709
2395819
187489
909091
863
24649
218159
577
1440352
485449
58049088
479
226931
9113076
259081
744769
34889
323761
859
70109005
477481
62237236
802673
249001
292681
316741
298391
402617
58081
96865352
45149584
40727
187489
2447899249
757
20170538
49729
23650685
82944773
77219885
593
139129
187489
12807976
361201
197
1066028
4187094
29818565
192721
424253
67393039
22325430
457441
26920843
683929
73292856
299209
2550409
76319
323761
94231985
69169
41028398
192721
42062794
779689
42689375
119507
188963
24506399
78961
139129
120409
151321
431438131
2550409
89675880
229441
563
503
94249
67982434
954529
1991203
87007
17161
643
24641943
204419
285359
1022641
185329
65609807
46425316
4642201
4081859
191201
2550409
60074982
196249
383
41608192
39580988
78961
4317161
108197
22201
1032814
59628375
24249247
33867202
80137
399307
12722808
28841758
523951
41083504
9962436
12216986
128881
97969
214369
80089
426409
27670649
94249
74317343
55824488
215071
134689
67687
25906763
52062853
1607929801
214369
77207123
779689
62077603
81988025
761
214369
80067465
6956935
52940825
21680688
410881
1563285
502681
89722607
820307
61586630
143641
22201
69549048
19875822
177241
94249
25391890
146689
1813822921
426409
1362241
26450272
169261
273529
62278203
591247
51353285
34915974
22827554
299209
86400173
92758623
654481
24649
96557
92140994
737881
79878271
436921
3297390
78084115
269
72593
71779
94249
85279431
268393
76765089
779689
86519
859
196249
5473740
27069949
218089
398161
9998000299980001
347
15768373
213841
93501689
6054669
92898050
32528768
13540693
77638805
73768247
146689
36481
657721
177241
277
96721
71736475
293
38730468
657721
433
602809
6629956
233
78961
67739277
410881
94410877
46201638
271441
42349971
432247
31851286
25222632
617483
40591
81098625
448489
55977214
128881
9998000299980001
12408398
137
84626810
35113313
528529
85181
49729
896809
56471
36352909
351649
73299859
76616184
452929
111333666889
674041
81374342
573049
78961
99990001
597529
822649
316969
113569
196249
359
35507010
351649
91640427
161832
273529
677329
5855212
461
95752837
52604957
214369
36826904
74523108
44521
45317173
982081
63001
46166118
103321
18508503
13898544
2226868
982081
63001
139129
612701
49359413
994009
13714975
908209
908209
68200067
109561
57121
83443727
617
829921
18159656
28048381
546121
5614134
71625164
10201
70247
166343
120409
200471
351649
24649
84473731
72945811
635209
57121
127117
23927250
85541
39194302
49246003
66308080
28381708
53627458
49143927
601
942841
4998538
67569760
625321
21882474
81152168
13724218
60413001
597529
29632922
13679167
12711383
9323254249
6796483
186349
654481
90991937
786769
38809
39601
16129
189113
418609
978961
194969
38198802
412963
857
83278436
42306452
885481
727609
635209
571
821223649
896809
528917
74270673
229441
11789327
443
295891
22657
50418289
735577
337
10201
103793
2891908
739
84891370
31911691
2691642
42593
411427
703921
857
528529
76065095
13124714
57229
190721
687241
463
10412285
47815293
9901
966289
43852862
61491257
25213470
71857172
281
175337
5881877
58081
661
10201
146689
7580042
157541
91199231
111333666889
282593
8392609
118999
503
23634910
82832062
84260552
26488576
67299483
46872513
264653
579121
647
95709598
53545882
21300954
83412143
653
383161
82646281
6935315
580523
601
42833662
54619
911
714401
7939682
57168372
80750650
11449
71334155
37944372
58610646
96721
273529
9118568
511883
87620272
883
80509643
603089
73710048
885481
196249
212521
134689
51742139
11449
22801
237169
146459
862091
677329
1119638521
935089
45535762
152849
44521
51892880
27707
769129
87315212
49729
472987
12951559
748081
310249
7072963
863041
77281852
22542584
744769
20640204
919
87379997
64213
5230051
49191704
786769
77160073
29929
307
630601
1647629281
452929
22148967
552049
20902191
54289
161601431
683929
76418892
5814193
208849
57121
54054158
263
208849
246553
11881
84312050
540847
78961
44126549
32041
18992556
59126281
82646281
53675683
9998000299980001
259081
885481
31133
136831
97676821
458329
64965857
96259635
908209
63277654
177241
25371111
466783
45358336
185761
160801
9147889
216017
10609
28445673
58368543
90525371
379
202463
367
44045602
57207456
29623898
475259
32761
86897
30962203
74295087
22801
42192382
181541
183727
311251
829921
9091
17775534
658661
63992202
436141
76729
2352096
34309979
82205394
27138076
11449
263141
703921
6505139
418609
128881
59305422
56026400
994009
510953
160451
1871514121
106133
822649
11735063
343877
175561
935089
316969
46961
177241
57677660
380689
37066343
311
434281
323287
37121120
96721
359
26569
27889
88763429
14806716
301421
13581478
181807579321
335311
22201
1119638521
73976912
19311147
844561
54421823
40513828
703921
69079889
487
42372038
30997
511883
459869
201601
73441
405721
72361
328613
358801
71388438
184883
97969
1607929801
19781
10324864
66259386
76380674
87408570
9932677
299209
491401
8159962
338189
26254440
769
11881
17419955
17055501
68767189
369503
885337
27099493
181807579321
360379
66757
57121
97969
8247990
103027
35773066
59723530
72066441
292681
821223649
78961
52441
76729
24649
22953451
83920371
314863
821223649
54178474
92327511
283039
259757
24800507
135229
43102851
58081
242321
41925093
421
22201
27169581
23338508
86866325
935089
213331
11958473
77011813
25957
49472465
563347
52447353
11922924
751
81478295
37249
452929
323761
44036701
41120626
654481
635209
32041
27756392
885481
613
30017651
97394810
54883556
13325846
96562628
404297
38809
201601
2486628
22793889
4090613
52298389
96728777
42525834
380689
750187
235993
36184087
822649
14823223
88013
80456376
455467
181
75606547
80594067
52257213
30398017
252486439
347549
89912971
635209
49243516
386779
94739
761
120409
59923167
77119672
124609
569
76729
329221
201083
38502330
39863978
153253
13172684
26203199
896207
88456392
299209
27546632
304639
21809
187489
341101
81007646
734449
67461671
22030925
16801481
591361
66049
5397952
626257
511883
22801
120409
275257
37731404
11449
577
82919
1831918
4379336
703921
237169
826446446281
117199
635209
15143724
17503262
177241
676358
621497
271441
70995530
935089
60520562
185761
29098105
13475595
183133
59911
683929
33176542
761
597529
84383195
35788337
9343067
76504491
214369
46656746
241
574069
34126759
61289844
657721
85278406
786769
863041
53054921
22550939
636001
337
343999
85849
316969
463
93187520
82646281
877
22618064
826446446281
349
124931
63001
563
84907
887
227333
39737270
187489
45173889
79683887
787
233032931
68373239
434281
68712198
348679
326041
70751
569
361201
32378710
49473790
24289600
35798633
11034785
52773612
60393242
48392878
63001
126911
79685237
11881
944759
316969
83245702
69527
56247977
78064206
157609
54289
119879
18159913
208849
23144944
167
67587685
61063
18441037
39323298
59557154
433919
77175528
96753559
635209
13125293
229441
281969
87062109
32041
70597
128881
151321
619369
461969
79016035
361201
73835087
777899
6602242
756024397561
180683
466489
76899585
6131971
732031
52093
181807579321
103847
941
12684845
45295206
58068280
737881
10201
773
81645726
38809
55483
98741
375769
674041
160801
343549
214103
31543025
190637
332383
157609
26569
38809
73187210
93299597
37664146
151321
238981
93066802
6450581
10609
20574178
277337
387553
38412206
821223649
375769
121801
16669308
21791585
744769
4832202
942841
434281
146689
68317192
33007422
97743986
82309465
413449
822649
2550409
151
98902565
863041
17598456
218089
48361
124609
23094563
58081
337
8392609
109
12459599
9998000299980001
55899734
66049
674041
139
16307212
877969
24816791
187489
152771
635209
57962946
361201
691
134689
46948002
36481
358801
38086576
441289
75863
36481
734449
44521
134689
13997124
70120639
41383352
249001
27348256
779689
421
175561
26568397
22801
98596295
22352170
61206261
19108607
54860344
516961
88731724
1647629281
29929
69937332
57168721
150349
137
231113
506951
829921
316969
54173930
18268956
982081
139129
193
121801
137749
273529
157
117581
683929
812873
63717832
82646281
187981
20819
2897
737881
218129
157609
462127
85849
271441
73441
727393
22911334
58081
38809
15548498
124609
547
78961
771041
139
483047
245743
855454631
181807579321
6213555
635209
11969844
93755455
14767459
54289
36814654
37970238
187489
29929
49945392
281
88941548
44521
81829213
477718741
61513
619
144943
471773
846319
103847
120409
30725816
145309
72697
57168721
691783
83778629
264431464441
1597
619
157609
375769
46608664
275617
49485474
68707
5834693
877969
62289594
151
277943
991
7796413
299209
363053
300909121
208849
43098486
67529585
76161875
90681598
53934726
56134578
224659
354379
50124921
8629531
185761
92080276
80348252
96721
83935826
971
100489
52441
23711
227
54387721
19926234
227
273571
478997
36481
15291392
99283142
341023
75723181
15237956
726217
43617355
82646281
29379856
27957094
36719163
94249
146233
28778490
57876424
744769
426409
157609
89594806
185761
40693648
827
88200854
418609
91797285
677329
18325243
383161
61996928
744769
863041
10638749
66203862
223
22801
90545147
259073
683929
42739854
17161
5129603
564001
53565483
909091
546121
193
214369
80198749
46817180
43918362
98029801
295907
63697221
66049
64244351
95139012
537289
953
9563664
299209
14569052
485789
121801
52002022
410881
86068842
65361928
16284503
98800621
376111
87977442
731021
259081
47030243
383569
14887549
661
635209
54683
523
157609
146689
942841
11179868
332977
68461
84591547
292681
387143
181807579321
34861501
56327977
186463
316969
5984447
61261220
32587368
143641
68396234
90829317
387626402399
116383
53880681
10886690
2690396
67094856
433327
44262823
90168918
41847303
863041
85156449
77170812
239159
22801
54407998
63001
896809
751
33095669
105772439
279827
49537259
32641623
14409205
18661798
100489
727
94942865
89966754
6338004
683929
58672732
62493662
41628526
38809
251
167
674041
5795592
36048629
43940488
942841
114397
528529
44598348
769129
82646281
83849
82646281
757
58563524
70649574
549047
12264136
525341
89020509
683929
77642415
55150663
92866225
487
174507841
38041161
86962780
38352038
12615186
31542629
727609
56834797
64466388
81652532
16129
46288435
1119638521
84109
42053366
21702604
301307
79657520
95213272
93900838
28417
94249
2550409
58081
376223
22497781
51529
66049
29156847
138367
19877001
370319
458723
218089
35304362
63079451
17571462
80976508
20567
125417
44605527
358957
954529
877969
726403
63001
94865521
73441
332929
95163219
121031
167
89499511
827
593
33747560
79800513
413663
491401
63979
323429
631
358801
90217229
9793005
76706158
2640923
687241
44431
27097290271
14317408
71967329
128881
340667
786769
410881
15375522
73839129
26409477
3465434
36481
32543037
27321092
264431464441
27880796
211
82646281
299209
57147781
776161
734449
78708995
56849370
27574121
799709
57168721
45390044
1647629281
128881
444161
88811513
51489045
41756362
143641
14402862
61304445
292681
82868367
463
10807
2194745
434281
877
201353
908209
73798322
185489
157609
86574505
733
78961
30836072
27889
120979
4436701
15281505
295543
20333029
273529
101767
82705584
25044647
92231
368519
344569
175561
201601
779689
2461828
661
12015179
237059569
84745415
128587
18885238
607
311
55013955
253009
128881
1336630
672319
54611013
269777
85669544
167
89832423
49187672
431071
67954686
323761
93833
229441
881
769
241081
111379
4321275
7551810
205739
58501161
380689
86777
82646281
310249
299209
17793116
36863
776161
335147
994009
69097595
773
380221
163
228227
17897088
71771131
3684954
13158376
43899744
75723803
96803646
36125656
332929
34830986
351649
95647132
53504846
909091
71377571
3819085
8096206
10201
26969
273529
20453571
382072147
57372474
97969
18408421
48445316
91999
9605102
99770074
428443
60378815
72361
870293
443
491401
51143
11338517
157609
449341
523
57168721
63125912
229441
264431464441
53869
821
68064850
935089
77170805
27105276
89016511
55454799
447379
116197
61307
386443
39716735
11881
552049
36481
75286963
139129
719
60507173
15049
277
72361
40899059
96721
235667
779689
92260548
333083
579121
18124460
196249
5252969
251
352139
994009
173840507
25750588
22576870
26047651
70751162
273529
556571
517397
61425726
35909
57363927
167723
17161
12945769
571
124609
1607929801
564001
77669245
51160613
46022813
546311
11846137
46571894
44605291
75585648
18017975
13918050
4150412
33700367
25281560
10204980
591361
15635730
26342676
160801
9610299
477349
37602867
15022838
14987611
908209
64148235
994009
587
120409
27062555
187489
310249
368449
14464335
744769
401
982081
32761
54890478
971
39601
5919028
2550409
257
611818243
27889
19321
62886150
68786381
201601
42761864
307997
82646281
52712524
8109931
191
15109106
24478920
673
950548
661
661
46251177
35941
37249
5747812
10609
383161
32411160
74639
27132190
380689
954529
58663593
528529
93014715
18612629
356309
146689
36755679
67290862
879090997
18902563
31560331
727609
17161
822649
323761
72904776
65578956
86940289
4664885
16129
361201
2795429
2447899249
28252136
326041
83382028
47100054
90054281
62097953
56516752
53662853
2897
811
410881
564721
113353
46633090
877969
24729532
12594785
138097
606007
49190422
1735051
739
59293431
44656540
62793523
67641425
1867776
125999
80473834
896809
24318174
82646281
97969
23897610239
91752913
48445172
859
94249
81782110
99154157
181403
535027
181807579321
349
552049
43575444
44749516
380689
99401915
81771295
908209
47545485
123271
16715610
7994669
829921
380689
71651
39708800
66049
8864638
27654203
17566741
212539
344191
259081
60091697
66049
68311405
34074988
94869076
86737821
57400242
443
9998000299980001
328841
120409
743
39601
434281
69764419
737272801
130771
16698330167
23690551
56348845
564001
573049
15361570
69169
18458579
67397589
196249
466489
159967
32111
322363
113569
84308116
259081
656837
7613869
90432611
22801
35437454
208849
93692926
942841
128917
57168721
35150597
121801
2348069
41855776
69930580
776161
30057968
78130173
140669
5158421
252397
23217669
654481
295457
96820525
426409
37737451
99589452
24994971
76764058
143071
288181847
691
63001
351649
273991
727609
16588150
87156836
57121
71915361
361201
36909883
63001
502681
274663
51013
1647629281
78119
42634560
310249
117263
654481
362701
49729
10857452
183017
74082663
37758724
205013
896809
38435839
52891
32921621
437623
78866576
908209
942841
11881
832822
657521
452929
2336387
528557
85541
64265633
17981813
516961
56324466
249461
349501
2888309
120409
212521
786769
99780944
25305969
25114544
8392609
97984419
66316825
80089
157
954529
73397416
14565168
9003950
7415820
877969
74849418
67482793
53585386
5491879
769129
177241
80952307
786769
64289694
332706163
326041
196249
38821534
75585940
53366039
666137
266094
14600551
22801
1647629281
68965696
96557
88600753
654481
104921
908209
635209
29929
93895931
64345513
398161
78878070
349
773
403531
62231238
7018045
829
677329
82495443
773
2550409
24416755
98447695
146689
71477831
93358602
1119638521
432787
82904074
78106686
10121079
368449
83459125
241081
68286527
22614303
8631556
29929
160801
165157
290503
77353
458329
88204718
863041
49051
66049
8315173
703921
91022702
21766447
323761
49045005
34394893
51529
11881
245603
739
23209408
351649
99750628
97890963
734449
552049
63366721
373
502681
84411750
84145439
16129
239
95180439
321173
55747
67428821
380689
40485083
22855763
63001
58430990
43956022
942841
444959
22201
113569
27672247
4861391
196249
43710377
5741
77110445
121801
79347321
74752461
699359
461
478509
88723857
11881
579121
908209
19321
45967547
37896210379
776161
11460229
38855441
274327
316969
39456407
62413763
19267058
299209
362603
12547643
149
39601
287461
418609
119815309
982081
323761
201601
909091
19321
331
90558911
896809
66259
2447178
273883
66187760
769129
76729
361201
257
43407701
516961
1272809
829921
597529
776161
75262096
167
303349
134689
299209
83694765
33588645
32041
24649
14237190
333667
79920462
52701463
26569
96721
17500103
701
822649
159127
22609952
63868303
97754635
151321
103
73441
292681
786769
60338562
398161
458329
94249
5628625
58960123
8790631
157609
199279
463
80930797
52319
259081
32761
69551
380689
885481
8392609
251239
12769
269011
39990225
8150901
514727
94315647
24489084
577
143027
97919810
383
11626299
477481
516961
982081
147737
345949
11967509
82689910
661
337
601
911
580597
47659905
63547327
292811
33941525
54596224
8032953
187529
191003
259081
72187914
120409
185761
53038252
85538413
426409
22795956
17161
335707
15486836
504703
821223649
17441
18769
1647629281
10609
263
7000424
98029801
98252892
48863093
67895379
72685761
46504048
809
68857978
30542740
36256654
737881
942841
72361
74045901
11881
45521424
71115668
45512689
16252896
11933549
50363006
41383190
340679
857773
43110942
50540848
52441
409
418609
137783
8007039
473359
85737943
318697
54289
909091
76901672
273529
60014453
821223713
386209
54921328
80089
83750933
27010517
47828967
68626808
826446446281
563
27889
67097211
98446394
27889
93595101
404689
657721
87018366
96594947
159823
60432167
83329131
40591
22703437
61848845
49741592
42984738
383
546121
86888000
11311648
11881
506951
344569
10847767
591361
90324700
57079848
853
185852519
74861461
597529
811579
62084194
368449
475799
930884
26302100
214369
703921
60179777
18769
38809
822649
750583
233
265219
18769
9744199
212521
42847921
826446446281
239203
821223649
65603522
701
10201
67319637
77401931
68370338
516961
106027
32648687
528529
84631835
8895502
80687740
131
54289
5845513
29929
380689
341441
434281
329149
94025569
212521
29509657
88683593
51851184
163
81966595
51529
195589
84159264
181807579321
877969
74711319
398161
109561
56323
2854792
67277284
41281875
57121
733
839
143641
33248517
239
877969
419
829921
3772939
839
218089
359083
83060368
769129
52203786
239
458329
502681
20672182
93801558
259081
982081
73356279
9091
418609
187753
53706110
452929
94249
50088146
7561
52441
90024187
37743978
9091
379
316969
18927102
87065152
881
82566915
82333
43832888
149
73295852
298421
706777
1647629281
859
13463072
42431
32576606
89274351
93728147
546121
26393416
88991608
10609
22248245
487
46419153
6241165
185852519
744769
516961
95930663
120409
81302735
769
271441
709
96076140
521
63082518
63433829
4118087
5074998
88577
92494773
91644543
947
86326217
7854479
314191
592187
42700091
24494928
62946722
24649
763151
221632699
14328623
89059844
88687266
30236199
62034903
653483
9859499
258274
401
299209
53514851
367
96783984
84123749
73345158
167281
525123
10669853
324478499
811
458329
552049
409
343507
52262971
397139
413449
10454780
38096994
32041
75001
31990876
13737154
677329
552049
45699577
229
613
60491
11208936
29929
908209
37249
71749919
49392078
10609
35226862
683929
59898731
12301618
264431464441
67313893
76201545
100489
24649
40700682
982081
50900351
22415734
72361
233
463
39848153
737881
541
66049
20983376
73441
83442966
82135974
124609
542957
88581648
971
9998000299980001
79105373
591361
82304302
12769
7991386
27011110
39328185751
78669135
418367
69238676
908209
51726327
111079
683929
83622816
77087
36649130
122537
317
157609
98396712
6682690
139129
41026328
8117933
44068707
12813175
344381
92796902
5587962
237169
45280836
2550409
229
8392609
797
80089
48695130487
654481
80089
82679573
111333666889
82646281
51017728
826446446281
896809
88699990
32761
982081
38809
9323254249
877
28844767
344569
29906721
35632245
7012021
92731096
413449
744769
157609
11640070
174919
29584893
11544605
516311
94937
96721
74947
69169
70667637
769
3009121
821223649
76993839
398161
89209690
1813822921
1293658
440694253
929
953
84486711
95283570
86775968
546121
779689
2319278
127957
35975991
163
419
28849620
9007283
380689
16803972
99990001
82646281
147659
485869
49346951
234427
69723906
635209
3092449
19270081
100489
10201
10302823
8593467
105187
96019364
77364193
90032514
299209
734449
379
11967509
363053
13324474
573049
14416523
442249
30455463
72503255
413449
65854202
361201
253009
719
863041
97264952
822649
726067
292681
72361
57168721
47672902
131633
84299705
24649
32750941
83426123
786769
73627361
21993039
337123
877969
458329
208849
79918817
19213092
218089
44521
72361
585331
2773550
443
32761
36259
443
292681
368449
57783481
37191764
677329
54303079
61307
21826272
18290626
96557
25665928
7816253
108389
796903
520181
98295961
83406753
839
177241
7341731
54841
197
32365166
38293
146689
274168127
38795330
79987564
307
109561
198691
744769
59485074
30133506
237169
8712854
192721
185761
3431460
571367
80089
34099867
597529
253009
72846407
67901821
80703349
67463301
29828205
9323254249
10609
241081
52441
69169
75998725
78704377
6257887
63001
24613
18502730
70728734
358801
92206657
85882907
96721
18905042
62797041
494909
79421525
452929
53928619
124609
334079
259081
40587317
263
96544563
375769
797
102435769
60716073
881
51089271
677
739
61308656
138223
341689
368449
487
95689615
9451811
38223466
63514902
65241346
44282932
85761643
45384202
96460137
323569
54346339
1119638521
77442341
14515773
37686297
53351734
68461
991
935089
27132875
90844655
1569851
375769
32959081
198931
328319
143641
133457
436921
66298550
606511
32959081
919
204537871
173
863041
14084596
45897205
24649
2046063
46591176
4362697
328231
687241
14422335
40930751
73481
81700696
251687
80906897
56167707
375769
23685193
92897330
130301
546121
43220815
171407
102853
57181472
30536640
27889
44521
21125923
69169
13836556
516961
587
237169
259081
294473
635209
50721595
51529
480721
28713199
58057385
619
99283376
45572528
91384678
68200225
74141024
40375427
333607
416011261
1647629281
380689
63001
375769
11881
619369
2522302
419
98462446
2089111
97292860
607
3271795
38151974
8392609
454099
5587579
103
27221
21758610
54380195
69647
62108740
353
383161
73493205
52485275
78981369
383161
57727576
89914507
134723
98758211
50539269
23843
68014633
17040659
27689865
74252333
43340942
617483
49357437
48388102
26136558
49554215
325847
953
34389742
761
56701591
47128755
45049629
52274313
107879
40913086
13334167
76427056
146879
9998000299980001
20633628
173093
22201
567293
160801
181807579321
597529
273529
33948803
28321
51529
157609
26093771
94249
88883015
703921
935089
131
28758027
56475700
46673588
73178520
4354589
983
47921
333667
273529
61947714
451351
29929
71912100
51375142
9430171
11881
33887854
316969
877969
20910886
169231
463
270401
41707
641
29247786
12149665
39203
4365452
78784547
124609
885481
15630120
8148523
52441
72697249
33461
67765157
151
86110340
398161
967
334291
45835804
44521
408829
776161
249979
263
259081
896809
681199
20019211
80155405
413449
70422033
56434845
48343757
55792125
64765020
181807579321
299209
54771333
67435907
703921
75291901
529019
521473
264431464441
199
23584711
183643
37249
164107
90322105
78961
55820573
71191640
520229
77952135
844561
359893
303533
641899
75492337
17161
88507650
997
93089566
41754679
48599172
72325041
2550409
323761
273991
16169008
280123
52441
351649
60863435
631
229441
55130459
139129
58081
4223310
163103
69733
109561
22629695
234877
326041
77785097
26032635
30179
769
601087
479
55903943
23730716
276139
32959081
2460038
201601
942841
97027546
79257745
78854426
31487431
397
76286597
32573990
149
29235472
80859481
80089
7372801
283
85079
229441
23311610
87137411
584545513
146689
9323254249
44147899
35577369
94643080
994009
78961
124609
38821705
50595504
779689
238283
88831
177241
21595979
30203901
316969
653
81923219
823
46877745
58669780
263
597529
383
26569
692443
52441
498863
134689
368449
498419
35362172
966289
63325331
163
201601
1813822921
201353
27742898
664598
32959081
641
87519221
138953
109561
17061914
63001
367
313
10201
65481628
2550409
88204367
55031
41136002
607
557
46961
66049
607027
496129
40668172
15202007
58741971
36361771
151439
22374290
908209
311
15025611
73441
37449373
35061417
113
56977
441901
229441
35925532
24971829
90979301
120781
73843164
72361
94910696
452929
573037
47458825
368449
446543
400583
757
292681
39436505
53928015
2550409
39909571
9613283
65869
78050437
683929
821223649
48245558
418609
100489
39731140
88792014
1803646
28622804
919
170419
24507966
12618858
509600939
1341311
619369
126727
54289
25756112
564001
19281091
37306291
397
79340332
177241
216941
13402372
677329
41295002
11881
844802
95058054
66102183
4102878
516961
701
3995281
28903725
19549
547
829921
908209
46246306
398161
10609
183097
33935517
16129
51786975
124609
90757381
63251755
418609
86329
47602494
75152998
120409
37866583
91747726
168139
674041
22050799
25096111
302309801
1119638521
32388210
53432032
757
12769
196909
326041
942841
80413747
44466920
4534788
79913
85891410859
11246910
76437586
90207316
61469072
877
80417661
119815309
18485309
101
37625775
942841
14936496
575521
51529
21448501
466489
577
14567288
34854717
408829
24464193
345043
11881
28657
34782305
75085385
69841
194171
41362636
491
289621
69169
46133489
15684004
111333666889
20483127
43670986
4231764
550897
1607929801
76392860
237169
911
436921
78961
76729
16333870
503
313
116723
573049
40686428
5741
50104749
7937989
62364370
122459
46747170
100127
3639761
257
99530714
2749939
46096216
73890155
966289
597529
78007696
48707819
398161
359
709
410881
19318408
81600397
85973002
113569
8827521
597529
434281
41309969
86134426
80614152
34539679
422777
28018547
380689
31016170
351649
132606979
653
826446446281
477481
14389316
96914452
10201
95297
87893755
41166288
361201
134689
30997
49785265
8392609
32959081
229441
966289
546121
40879539
687241
208849
80413747
94249
11354479
60883
63333810
195227
93544519
991
179551
19012436
466489
40835132
83981
657721
57168721
39246625
56575520
94693393
68713397
34607
677
463
63651189
48374772
200857
42073597
118193
579121
361201
75543975
63974148
183371
38770960
119815309
167
94648091
418501
66002532
46292918
292681
20553376
54289
22252231
1607929801
215069
139129
36091219
982081
109271
631
66690831
466489
93692097
786769
93615796
666943
93881
111193
93546116
28873258
6726745
241
230651
6317663
619369
368449
502009
50907211
30607
103
24059787
944759
58376410
157609
434281
26241862
163
81990289
647
75586072
80195025
241081
9998000299980001
36511917
87252685
471953
11182642
36481
1597
214369
7515710
683929
80089
190219
24710375
24649
143641
35363359
406927
248123
3290042
80985821
21937571
250099
743
47115832
113569
85942846
134549
1647629281
1510992
3228923
367
22979058
307159
27889
2417011
78961
516961
76620922
82216042
734449
966289
458329
33461
201259
127
11449
57121
68627177
276931
82646281
49111778
57389483
737881
206893
573049
786769
739
326041
260233
317
219551
19321
33698393
725824
36754307
491401
351649
83441
62185411
71118170
264431464441
528529
32041
19127623
7649869
26650672
289953
579121
1597
17110079
839
27889
826446446281
11881
55551120
57168721
58081
72636053
80089
96857076
78212014
31722467
22918782
36687798
39601
26017893
78311102
53500308
10711135
552049
88056139
253129
97969
97179104
22852261
54289
61185379
761
96874684
98029801
25071059
88115886
881
86199578
994009
30499371
85973
61506543
687241
94249
57168721
826446446281
12769
89060691
8392609
398161
709
67592483
39805889
821
353
333667
63571
458329
66452304
826446446281
80214476
431
20617905
24649
68303
503273
93301216
50002321
35179
547
7739107
14508737
477481
72389372
47612782
26569
344569
55599179
487
47083
514229
93170260
169223
99990001
3408720
57041356
66217127
52441
18114148
61809167
197
52402359
25419604
7796618
7706529
87625574
601
36694567
528529
74036853
587974
41209446
44014065
36481
14068286
502681
358801
91686128
51529
68197007
47959062
15919303
380689
37537818
69339926
218089
39601
821223649
26112671
8912327
37249
16754692
10305443
863041
28587130
181
218683
30870620
139129
380689
425497
167281
591361
33467529
87560310
139673
244961
283331
214369
329221
430561
6618204
8390033
201601
97497135
47374079
590783
458329
966289
735454619
95378814
32817160
734449
35626339
683929
358801
31411
36327794
57584696
451727
87591463
628211
694151
653
82646281
63001
635209
786769
76431675
942841
75387775
58786927
2550409
20043139
115189
373871
74625617
433
59298619
41754467
99264309
92586780
30924042
91527932
7653473
576077
502681
591361
32319513
25816256
28235524
86985149
701
218089
23634043
196283
66049
7561
72074700
181663
77644429
206231
127
60627212
9751541
25667741
3682207
46636100
332929
60591049
563
28617609
908209
255454571
53578130
96721
19718707
569
20706295
241
1813822921
32862104
461
316969
491
564001
53625370
71167203
19511
96341418
82363020
44063
55521468
54289
687241
579121
186821
17949594
263
42589
674041
93292574
3266629
55790261
978961
94462289
16204278
885481
6617693
333667
96978541
109561
954529
20794879
155587
802117
24989195
205193
48554141
290231
134689
434281
16637
369389
60348775
15251717
82646281
104077
477481
619369
253009
29931660
703921
63001
786769
237169
89071376
89141981
318859
47897042
58377828
182093
657721
68119153
20838156
24526913
379
45967727
78961
52954475
587
733
19470429
46339
333667
23623256
657721
380909129
547
509
48023885
47104656
157
22801
436921
28478463
12375749
36481
244679
111333666889
7830241
55123
7208351
88623570
139129
1607929801
64219
32761
80089
523321
853
38809
654481
69973
75377982
100687
47495097
22201
107
155999
134689
25776126
32239328
481907
6545207
42103048
82646281
251
292681
97661560
743
779689
91215356
85993
426409
34906728
977
62195293
200269
320233
443
94223932
38473852
863
380689
1410151
75196535
344569
316247
361201
10630250
39601
88270635
601
54502844
27874963
98727560
28711764
43878430
887
28595521
34245646
89794948
179
26713885
148607
35050747
17161
734449
48112690
9166062
619369
1813822921
41311
78229105
347
10689061
84999266
56276484
94087796
97924622
38519528
84184592
26252212
5839246
619
10201
21241151
322655989
42363261
35221103
11449
45309503
37097366
23137123
72361
25163923
40591
57670319
192721
39601
271
99133583
3232183
657721
505741
56051386
75934599
19321
23355305
178437463
52130087
41637032
654481
63704446
366361
31640339
20071729
85502350
92091752
661
504499
316969
48387253
332929
35561861
15738791
66049
51119783
66287844
98434517
38809
95752812
347
167477
368449
361201
3082989
75770500
75625463
36418782
1142459
9998000299980001
98296411
673
32041
4935975
96640373
487633
82289724
43632788
268441
91576097
632579
34154752
673
323761
83038812
12769
21730398
65508435
83462485
971
157609
433
16828529
383
89549130
591737
32041
1617152
20310827
73700522
52816679
226319
32761
11449
89105109
19321
64640444
72439655
14242082
919
160801
137171
514229
557
6844677
740771
103
88735883
15485346
26442398
691
94631
55134463
69169
12769
24649
63001
587
81936708
3789095
822649
259081
90915284
191
521
3449781
23800633
358801
35741
67606881
57168721
143399
966289
74029
110443
909091
654481
12784306
71243
32274981
68532949
21636322
42320719
683929
63651563
800909171
78467846
26805770
6312844
146689
58718299
75849617
187489
208849
638257
491401
509
116629
160801
218089
95890748
344569
36481
138659
333667
67786501
44567369
177241
18769
68618010
229441
4143924
109561
567419
83515229
64569865
630367
25271603
491401
43261
30110608
2550409
887
12769
14306835
78189074
187489
17103906
686599
528529
91597989
16784540
358801
82798900
57935611
92308000
57385912
58081
349
90493830
81278660
601
75495542
89464908
24277078
170321
44405392
785063
163769
277
881
82591041
266579
919
691
40591
253009
158801
358801
72361
57121
491401
85849
57121
69169
72310314
598991
225413
619369
28111013
39601
299209
85849
99346052
307
255331
94043
33205563
253009
332929
361201
63380160
344569
68014214
71741851
182477
51096502
19588807
57168721
329249
727
332929
197
36481
52441
97382282
50912094
22801
74363923
89687170
564001
15630337
127199
94807496
325937
101083
121801
145699
22653097
967
413449
47498144
96780654
212521
239159
52235625
96721
28717743
601
157609
80318068
281
42827992
44406585
71954038
79061
77066742
81842735
657721
37496041
271441
674041
42059
82319
85950104
719
28399087
22680808
307159
458329
19701462
46379713
694931
564001
26813998
76729
655493
8392609
316969
78808433
54988261
31951383
37249
28657
292681
7658909
579121
31601654
674041
120217
200147
19321
109561
24625557
88317447
591361
6630997
100489
364421
539090963
80460296
46933359
517453
255811
189883
94785602
71655324
94091593
60503128
426389
24649
97509616
1775861
1410767
48446048
9820247
259081
100489
133457
679181
85989610
146689
31330741
36744307
503203
54705501
84245582
17161
16616324
98931969
251
38809
22201
17530522
50161
52907
78961
942841
24949612
22949114
37249
418609
32248741
1813822921
37249
307
93043193
65422998
249001
157609
124609
935089
283
340667
93905085
10242372
571
181007
674041
601
823
317279293
811
49729
15492443
28173188
94019
29743328
1119638521
60734188
40099
3721427
32230837
841464
22509699
49649
552049
219007
32041
677329
19321
809
269609
863
491401
12769
292967
57168721
67618751
54717237
85844432
618487
493751
54849622
11881
528607
111333666889
143371
47731778
104653
90918816
34387
8392609
682559
88262432
157609
11881
97886817
982081
77648579
284033
24096155
997
253009
219090931
91043
63109
105312
2550409
776161
28466225
547
298289
80419
572149
80461685
775454623
2550409
381299
40407052
69923962
42589
5361955
478333
51483387
619
69930385
79390054
40131721
79114231
826446446281
306881
109393
8392609
56509683
602159
86632738
8392609
532760
107
859
10348801
19535999
7888723
19728717
81656536
38526891
6232193
233843
466489
394279
55753
23637713
29929
49729
126283
120409
298421
54903482
299209
55739
33171271
128881
153677
379961
177241
80089
14529104
33147749
13726703
251
95768512
96479979
5515233
91290272
39508003
289510927
29895514
166217
12099625
593609
95914423
3365763
523
9323254249
5492704
63814246
4168321
24649
563
281843129
80224167
46116238
546121
313
24874250
446497
94301
38683
53541012
192721
389
877969
92790089
9901
38432059
82646281
263
26732229
21562928
109561
787
579121
57908729
73441
426409
187489
146689
443
68131415
285869
769129
21418862
72029066
539069
1813822921
167281
568717
8063717
67542765
26361405
546121
51598998
55496737
739
80130640
18441037
727
241081
17967854
17701919
413449
607
34454501
40099
241081
57853025
84489396
91125995
39410771
70716539
27889
571
54289
86621571
336036
591361
48323476
3656389
40095990401
11883500
61389922
4411000
218089
29632122
75796957
32690696
9998000299980001
79407189
98029801
130609
84066588
81482112
186911
196249
494909
361201
65810185
74554345
45981960
25334480
149353
557
727393
597529
48850200
72361
32041
14659
49683528
466007
85400364
61556323
175561
58834461
819557
38809
821223649
49993797
223
17165543
217729
713057
536539
58081
278009
73441
99643868
9323254249
71915651
43792245
23278715
151321
146689
14545009
35930879
12779799
318169
60494866
49522786
607613
449
241081
39340941
94789520
769129
167
99990001
93518890
44151654
569477
10523717
84032194
80117414
11449
93701522
82646281
49729
769129
63001
39269
65133153
51529
70348229
22541041
16129
877969
418609
57485306
11881
877
237169
18709093
630563
587
292681
32132193
397
70610107
109561
32057726
125977
518321
69169
25917633
48580234
96897997
65356431
185461
17651042
23743533
426389
363931
151
687241
17282033
65722449
16052317
739
90976324
687241
63717758
120409
57464655
477481
57397696
88307
86846084
7754027
85102364
64376155
33461
5741
75301
83238020
71233997
10201
37249
72517
17099531
406849
728227
597529
157609
12545981
12133416
348169
16992455
418609
52674262
57121
65524746
12628848
71763308
159373
63001
844561
323761
235993
730801
53979389
1282275
20353538
66049
547969
60351105
76716207
17663388
25853
40591
349
167281
458329
443
269
33943433
43817261
26998577
185761
887
165409
34067947
786769
241081
28585881
85207
786769
66477921
52891446
68516297
98315840
2550409
68674377
42623006
160801
110207
298898689
368449
212521
74959975
65939
68124115
597529
263
21049097
3109596
28285430
557
466489
32041
134689
394939
124609
82513067
368629
181807579321
29443618
954529
242615341
187489
293
7355676
95876882
8801246
57168721
28453525
1607929801
347
82607118
113569
896809
14735705
47618604
12417730
16129
281
257
82711
76875392
187184771
14844635
491401
90893309
22204963
69189279
11223148
743
80250296
75552627
292681
157609
256027
942841
52441
673703
229367
264067
826446446281
994009
49729
66066164
33461
3185420
2889108
591361
111333666889
200027
896809
131
99896388
52441
25321140
48818314
40622626
246437
63279568
35902406
368449
194859773
275369
53033
18796716
14519506
3640249
657721
187489
597529
516961
547
844561
22801
49015889
49729
351649
326041
509
683929
1262687
41858618
151
17161
51350293
413449
85620302
57194283
76729
769
491401
61523985
40099
8386007
99412151
9704237
181807579321
80433223
70249615
516961
61771
68958329
26995551
383
358801
332929
78158681
70974257
9752483
22201
54289
76591
779689
69169
44850723
786769
301757
966289
54477166
81433684
192721
36556552
99990001
552049
1629500
683929
683
546121
323761
117217
32847405
71531
73541919
464573
541
32317142
70531
41926211
131
1607929801
56854909
305027
351649
237169
74219933
101911
299209
85642809
35245436
1607929801
68432370
121801
73680410
4817982
140303
145157
8187440
109561
4529039
5983082
1813822921
687241
229829
502681
613
78961
491401
885481
134689
30685498
32028610
195589
13454171
9067931
160801
72087776
674041
273529
433
47379457
70911053
65616501
56037219
49567038
113569
424873
134689
71022776
100631
185761
39601
997
677
62783820
29929
32761
612701
822649
9998000299980001
317
55039395
62132783
47352700
151321
99821
282343
877969
619
71875257
844561
18993086
579121
175561
36111635
135931
178471
719
430153
439
769129
368131
769129
69398338
677
24556731
844561
59321
39274961
67716123
57168721
89127234
53844582
491401
71183967
17469651
219137
709
175501
52594051
88529193
50319468
11881
326041
954529
279733
108487
417359
98029801
97921801
631
30201618
27524879
2550409
37094911
69641991
233
307789
160801
48089635
273529
98229976
522889
109
277631
206147
301337
32959081
173
264431464441
591361
212521
109
587
398161
2722060
76902180
241379
68962891
1103061
307
631
89934607
703921
397
65894027
75591970
43075083
5572783
66493424
291133
93244870
70600103
2133648
128881
849287
252848677
211
277
223
11166523
16157
249001
4386143
769129
229441
6046627
127
214573
313
57961
36481
104921
597529
85658559
60695227
97969
89348053
78179104
74808631
62795387
105353
59560693
41341653
63893
72272366
73441
74052378
80271254
458329
821223649
44909773
170117
20739716
62885833
503
625217
541687
196249
124609
18082567
514229
1119638521
40433989
82046454
942841
829921
33043076
41623
69047422
729829
85726119
58108064
491
71033
262679
614473
392453
35504446
45293651
80089
12064597
108853
66652512
19321
350023
98029801
83857970
1119638521
86760020
222763
480191
93957782
619369
28657
17947
175561
583507
44521
409
24649
33613014
674041
99750287
98260410
90050510
332929
30631135
65168081
359999
641
19115725
54820575
58408237
31073421
16129
89910605
96095613
410881
9730094
46741209
34702839
63206051
516961
249001
253009
35510229
2939602
12769
333373
54653867
569
227
215987
743
99099206
229
40475016
69799
326041
4884285
96772695
39640506
27889
58132636
137971
24836740
47966641
447553
326041
653291
332929
241081
769129
733
44916941
449
429059
134689
1288668
256229
579121
16452331
769129
776161
8800243
12242863
359
34101306
166633
744769
77312210
827
10389803
12791700
8557019
229
58081
15528096
62448350
94043
757
146689
107869
34379427
896809
863
74639
619369
466489
24056906
78995538
74111053
43382128
18530461
32362215
6396321
82291770823
49729
831364
546121
739
83808209
19443089
258121
85891410859
687241
143641
241081
82044590
737881
51164286
513911
347777
134689
57463854
166057
39056571
9323254249
43411748
310249
643
128881
779293
13589
520187
71098060
19801987
35289891
46338026
209603
120409
50994925
29158514
16129
937
82646281
100739
215107
452929
97969
120409
39601
224551
502681
4414829
85610453
59978664
463
253009
43226809
82574716
223
51460366
687241
75526011
537289
499
49729
273089
75043
139
317
84163873
958907
89332834
24776204
38766639
78961
20786406
368449
491401
143641
921071
74299
776161
50530715
47785729
52441
52441
737881
822649
797272807
82646281
192721
32587028
942841
508309
323761
11881
51529
40539451
91629396
36900912781
128881
68671208
737881
76712303
113291
1647629281
80089
259081
5243612
409
52471
452929
36481
41321746
49864750
88184415
82361987
85020286
97196281
85849
33101386
811
691
1647629281
24601750
611153
78961
56884048
29929
12231999
69169
46769555
90521332
31482160
13018894
78961
88508915
693271
19563109
52903779
200533867
32041
99325301
39601
729829
822649
24649
377441
71938127
52216925
400789
611267
68390198
27954749
260633
173353
122767
105187
36075654
683929
17111670
65072776
383161
66852388
61983569
28064501
8425031
591361
452929
181807579321
18054548
80082772
99990001
857
50401514
954529
821
84420481
284437
72361
131
93018385
29202554
61367
896809
107
208849
528529
14035022
24636650
90421938
69921104
22177024
76309
29929
6906337
10272527
503
94249
93087652
326041
33222102
269
436921
59943275
93418791
7485597
239906573
53630685
44521
95249891
41311
28302321
51099685
96492839
45791813
787
45118823
13982312
271001
75880750
91211
181807579321
121801
347863
937
151321
34752664
37331600
146689
73836989
257813
27453703
436921
17740799
62883233
14399130
32959081
235187
33071057
68743809
57152237
52385170
409679
413909
657721
273529
776161
75854089
139147
735833
573049
50447044
29453132
709
563
25509324
221057
60655806
24729324
10609
436921
112117
37104438
241081
275647
9806097
607
93193731
271
100489
57168721
48866760
4797850
535069
591361
138317
9323254249
2897
120409
64210961
426409
12358445
426409
33060033
853
619369
16285442
95823959
205727
8682694
98292198
477157
947
75904836
76729
35105199
175561
5394675
72761945
82466569
844561
9901
28223928
233
127
120409
942841
520207
23687954
383
39294896
44523419
314291
573049
27889
101
47660716
211
18315108
98627583
167281
39801783
292681
88768383
97305090
91739
401213
77610014
683
18769
21162456
491818231
17161
210367
23532723
237169
564001
132317
283
86736816
11838066
55682709
733
237169
99502815
69169
885481
919
53691644
613
13852229
65224854
5937253
23587
32812887
786769
92533066
77573709
107231
139129
365311
94791354
40913351
516961
57168721
32029271
196249
57168721
93030005
29259479
48759559
60341779
55062088
253009
100489
320337
467
23580999
40938522
17230095
509
516961
71206093
7608960
219137
56715408
550223
253009
1647629281
16029772
60481627
97641766
124261
24166360
26902697
16493264
60864267
98042956
734449
15507230
19801987
994009
20588658
677329
452929
1871514121
21949463
42525563
786769
12836091
146689
124609
15357917
80089
96211729
122809
74721507
66049
597529
22969
92093718
22201
476621
354083
179465921
41895810419
657721
469537
375769
241081
151267
95319174
241081
36840965
86103865
71441
60775785
557
212521
58081
374191
39601
82110964
332929
10616463
757
32761
29929
20257395
7812922
97245426
145526807
8738932
727
254867
29556334
9449352
38208992
994009
443
212521
3209251
23587
811
138223
271441
557
2897
73105628
32041
564001
839
5287480
99095797
289813
368449
571
7906258
380689
146689
180919
591361
62522678
863041
285203
170419
158737
85131063
487
49578528
683929
151321
328267
293
635209
55666815
70265630
81104050
90069463
84329719
61899124
37956686
6136774
50755933
502681
225892559
96027223
11862873
57330561
95393525
314053
94304069
69431337
66049
75579615
491401
27889
479
733
26989
418609
79379061
741317
12026311
229441
188113
167281
284987
94249
58081
540223
757
954529
75231743
563
20855661
14896897
38257298
8435955
76196074
619369
109561
128369
546363691
885481
36481
63626064
253009
591361
687241
710279
81236106
727
68518315
491487
89147
220657
44715523
43295670433
499
45962616
72361
528529
83180411
32357566
863041
64127563
97969
52425178
20780686
724057
42827
703921
17161
122813
80089
68454405
241
139129
317
779689
70318552
7157599
121801
591361
113569
450097
249001
2012267
22201
187489
25376121
880697
863041
34989159
90252143
109817
99851662
173753
479
16847636
40429640
55751
822649
187489
102491
619369
591361
59004391
908209
11074507
8045740
44641407
72020244
273529
77090263
523
9269439
332929
277033
57148352
67041953
514229
942841
593
111333666889
32791785
327287
146689
583571
419
635209
277
96839
72684134
40500730
809
292681
63523290
673
9323254249
48485097
86138485
779689
383161
89170796
546121
182113
249001
519697
94249
37074677
44521
53367120
553247
541
803291
593
39552447
84373
1597
182527
44930262
954529
69375944
58920988
29578608
1119638521
542257
863041
10064849
99278784
46961321
935089
643
58642731
467
491401
13916511
63571
43959291
46169082
175337
397
657721
7455612
307883
619
491401
71161078
51529
1647629281
139057
619369
94605222
3235944
241081
613
80987216
299209
96061246
87811648
113629
113
687241
146689
826446446281
99944447
703921
552049
78040232
74358858
60875689
383
58370365
33696630337
18613547
72361
443
283667
103009
315661
732349
734449
418609
9998000299980001
617
22201
102959
19126950
316969
12769
54928686
233
591361
436921
17794066
11879045
935089
737881
457
12769
947021
103
273315349
54519002
60799
23808550
19400865
546121
17072380
66049
25445266
259081
2664603
6457973
967
91166698
552049
97603741
602159
467461
641
11881
375769
86713435
44581
439
418609
69169
356357
516961
15005731
83849
333667
1597
57121
823
98472182
45118890
93021512
35327219
20058952
75589
38694799
19572452
39955213
89544548
82737200
24314009
8253512
134689
654481
471319
15675379
26184632
54417138
351467
111333666889
76555478
47918525
7492951
40834803
129211
85674129
323761
9639146
657721
28426934
43468842
36333479
12478577
54289
85387773
38974377
178723
9196469
160943
271441
71559598
762727349
82368640
200857
599
83200986
128881
60266513
26273611
212521
82527492
737881
9733256
12643872
15885697
227813
34047391
24649
19367
55561920
322831
477481
457
49327
30963987
26446224
33461
44301521
95288215
43717942
12769
33981827
380689
17243855
577481
65844594
181807579321
128077
40277701
151
84371953
67316034
823
57121
13809818
139129
885481
32308861
218089
59291
85459853
537289
85227700
727609
163
41223643
21647945
440747
72371883
25471177
419971
239
827
11449
249001
33536656
97536068
307997
31071552
661
82160745
177241
26569
15312153
269531
30564586
826446446281
769129
368449
1456711
22699339
311357
487
32761
1119638521
29929
622213
44318745
26750267
139129
130381
46368805
67008427
657721
225481
807791
823
39574144
77243836
230208359
82646281
38449531
71061290
71129633
71571176
249001
105569
2767033949
151321
2669108
479
71856850
383161
93888618
32761
87230898
86291370863
691818251
733
59006168
994009
29593
76729
75643480
8619696
744769
95456427
786769
657721
89179
247441
37111560
8258811
666363703
821
727609
72005648
38539118
28829
739
263141
602159
326041
601
11797153
52441
89398607
90866941
436921
500771
90966808
52737477
100489
482023
82217638
761
49901332
94075651
896809
44567127
77576916
674041
434281
132079
44879465
345283
2465972
382937
10061139
80918504
192721
71047884
28657
78961
374749
20099870
66657198
211
44521
259081
18203
83265004
86356454
434281
351649
39601
27905306
12769
13388603
38503814
17161
96721
67667
31049823
326041
67232861
11449
32041
83882721
87017743
41110655
57448577
3077060
307
97378301
96862382
57168721
937
41642507
72802601
77989
132193
2431381
127067
24187919
383731
46658558
53906898
195409
67519614
131429
30520821
9998000299980001
430153
87353378
38486147
14775877
521
164959
657721
32959081
128881
563
21760283
35784435
47089430
8392609
1027283
73248713
91336073
45740190
50430752
516937
79110031
299209
181807579321
96890149
212521
635209
56361575
58775760
48308531
39601
241
4482978
46111623
821223649
23849807
41015476
34694221
65030001
115711
80089
941
935089
51529
56241468
151321
82620618
39811876
32041
562157
292681
509
299209
163
410881
293
11061653
259081
201601
744769
61998985
83723139
133369
942841
323681
613
1813822921
54965351
106499
821223649
214369
73376937
657721
452929
90251013
34857593
58081
273529
822649
863041
68093432
477481
525223
449
365415373
29082381
93974503
315982649
32164499
212521
66049
19311618
573049
181
277
211
797999
142727287
58081
436921
292681
737881
78063999
208849
68721274
47810174
413449
317
883
71276664
43686780
597529
87873585
193
466489
683929
48268672
332929
104647
153211
21109490
19052042
769129
499
92629340
111333666889
58585361
48092267
2478099
434281
85849
29499251
249001
305887
34297888
56739828
21263966
466489
283
21177523
17508758
477179
71095680
413449
229441
32750941
84234376
88628711
51910838
62982864
857
883
10366976
26569
58081
26569
39651967
227
12155095
413449
797
98863550
99605454
31930339
53595253
22946922
32041
375769
22201
28841
37909
337
62211254
822649
73441
52835102
80398325
39543204
407039
271441
953
29929
517663
452929
516961
64092588
24649
983
47578058
571
128017
75788074
94594942
591361
146689
10609
35717932
473699
5088553
243721
132317
449
61849
584545513
39398447
587
249001
1813822921
175561
83670213
32761
267221
38486540
60339191
85320968
95770612
597529
11606830
5636248
24941125
99168001
929
757
60799
434281
349
40747209
71816584
26135702
822649
9998000299980001
53743009
10609
7169864
92256393
57049381
146459
703921
157609
12803851
4504743
59895121
471319
30352216
96727496
1801055
21850033
18325243
20139290
151321
73636710
350717
37876460
21669983
5975333
79524923
911
557
31007
331103
109309
518039
77287819
94028094
15219921
230689
769129
48376647
462523
552049
11224628
505829
90202805
40081
36689144
56123374
96721
641
477481
97346133
78961
81137507
71807405
599
39155455
435959
106333
389
62186175
739
6979963
85652158
73042846
12769
120409
425203
85849
19611104
78034652
69169
31069272
58081
29500864
52521779
42818422
82263463
66049
31815732
27739169
211103
32808565
109561
33354351
79728668
214369
16129
94781765
426389
38771
73259380
40353325
93488468
52441
972737
521473
88752168
11881
1141711
458267
292681
13369328
87171555
98838654
61476552
95500980
24649
727609
91289205
10613977
14990825
68060860
137
617
91954255
75947406
79597319
13510556
430867
66693984
863
10586677
351649
421
641
296783
40925348
98029801
28187495
42950185
65714898
14017
27889
761933
19404556
91585301
59827920
39908354
687241
38809
821223649
62371305
1607929801
18511
86454015
737881
491
78245105
277553
114151
219379
11214393
20988612
323761
11777719
80089
44388458
89919159
81785120
65395125
185761
426389
72419
674041
22896529
38345779
67005198
253009
452929
42916572
5965483
146689
9323254249
413449
78165202
63001
9091
24751017
47974681
67064598
786769
90368331
39601
78961
57812778
687241
635209
8378623
214369
564001
11464717
253009
65791525
37074677
42233
65714359
98103725
15909597
58241372
11449
935089
88161645
91108191
133459757
42766066
81300311
516961
210589
223733
167281
95599380
91633731
76409
109561
35760802
196249
69169
223
137749
116353
967
93951105
1871514121
24423658
509
175561
820307
734449
10201
466489
20141202
1597
13720482
552049
95041
27964884
35745097
276169
44222306
21824421
109561
331
51727391
175561
819703
98410645
177271
1871514121
82597
677
238751
49584811
449
564001
21547877
4127779
744769
38809
9675408
267913309
101329
83365860
214369
72311
654481
208849
18769
881
155587
260257
109561
299302
506557
94249
31219991
687241
524357
21821792
537289
503
157609
28662397
43428537
502681
136127
72637740
9520921
457361
866023
40199482
218089
56319301
941
229673
36143768
205571
687241
80317006
826446446281
180197
72869854
677329
180469
38809
478783
439
55817523
19321
982081
456319
132901
271441
632119
33649939
63648402
41391742
563659
780089
546121
39601
59904720
776161
954529
19213512
1008131
2612974
134023
109561
911
6349442
151321
37310913
625357
57168721
31388745
182293
44521
129271
68710526
779689
72361
62971586
332929
21991506
58081
94458276
942841
30597430
31089866
149
73441
12895439
60158675
80842639
48313092
26569
38803841
443
966289
23964608
458329
351649
67759930
907
181
36036998
64805035
42221413
88535053
822649
457
457
223
81529634
27928260
249349
773
34995952
79104387
39157698
1813822921
1119638521
485449
3349534
3693073
89174833
75089628
326041
18539280
822649
332897
37240263
351649
84817860
73386121
85890672
71270143
62539119
5627329
36302768
28956479
34103836
41147499
786769
426409
84495256
66049
151321
461939
351649
64989940
271763
21047680
33700367
779689
293
26048970
58220713
937
368449
49380678
17712616
344569
1607929801
881
593
43040247
24649
60938506
80623578
977
624073
33453023
78390906
123391
72361
259139
54215802
351649
36673462
28015287
48255012
213277
57121
67070936
21544488
48105688
564001
77595717
11881
929
36382088
85576417
40139005
69273589
76729
97403
76664273
38809
27007
703921
89099
36773462
8007738
283513
32489011
335351
2550409
167281
157609
591361
11153385
46113128
471701
175561
573049
20430369
48630629
54074937
78961
21618518
98029801
463
12654871
653
55132668
271441
9258429
120409
863041
60569709
60147225
58745252
5541157
574841
528529
40056842
33825483
42264550
230183
68184694
208849
57546777
577
271441
16250267
192721
457
30082560
607471
237169
77927465
109561
806437
531137
70761730
966289
82877
54289
564001
52376975
573049
95066029
317
885481
778669
33216280
264431464441
100489
201373
37915088
8925393
44321536
121699
412163
61666458
734449
426409
7026402
52441
78343
23732849
2793811
36331368
236851
151321
977
617
431
48196921
877969
383161
88414042
33994888
5063687
47477
326041
156857
87028582
193717
674041
63001
43261
23722073
22801
9323254249
23914701
27964465
472861
66748306
28657
229
23048273
63531229
9579229
52441
7070551
552049
16465017
100489
139
37139890
99201400
635209
15608402
139
21231173
80089
25851523
1871514121
610411
477709
418609
877
24601997
66714810
60156690
109061
727609
185761
79854378
57168721
94679618
18955997
201601
32761
88596151
17371632
307
375769
21236753
11119164
34255912
25495873
69169
55145890
19099575
40529822
947
411427
36765239
631
225413
863041
83586665
947
367
491401
929
92350395
494239
997
90985561
85593253
54209661
63001
444161
18917887
826446446281
25174051
908209
218089
16034113
76127
160661
12271613
42167
737881
457
139129
327361
398161
96557
86129847
89933
62004771
311
37980847
93640450
72263
52298210
57121
661
21281883
63588144
391851491
98712521
74555681
635209
110189
535981
89101546
727609
25887729
30555333
120409
59893
70910176
19298070193
6664102
212521
410881
195577
16129
441239
434281
36481
18780938
821
252486439
112093
619369
5200885
87489313
647
208849
564001
57690734
21212253
3445489
57762696
158819
111193
95776324
64172985
28779019
37249
383959
32739671
821223649
55357901
11881
34797018
43280805
13075517
30223622
703921
617
23037439
316969
8392609
53663
227761
49943193
91688335
434281
389033
39555098
218089
159077
56234325
5020416
46425411
129839
122455789
39008486
218089
76121
24150393
13281127
157609
36481
92380046
53105565
93075449
769
27310121
37928605
75414051
39328191
189841
28657
769129
954529
230183
52248925
6173449
212521
78170572
45645489
241
2357131
237169
10201
48959652
54957675
751
11449
654481
99180242
154963
53104161
90787369
654481
45404417
75838730
85314276
86299
257
477481
958891877
271441
76033
674041
334337
83158760
821
25917558
71169503
80089
563
5514857
418609
37044147
31085269
283
78961
36589101
30179354
732443
83065242
157609
452929
59885176
241
85453433
68873057
687241
75808338
87694955
31821598
32506646
896809
157609
69464722
87473475
22866944
84063390
6707709
69085833
579121
9091
118301
185761
426389
192721
344569
783451
654481
271441
30799035
10609
452369
214369
51529
654481
361201
53671
18012215
8332819
58827366
80741
229
323761
28246391
379747
82283
41271391
101
59726393
120409
45144409
5888387
167281
54208435
233843
237169
85967768
27034558
22801
157501
3113268
797
44657897
78307727
19321
29124521
734449
34324643
42668793
16129
1813822921
205109
47150917
36075004
232613
529019
54322171
786769
546121
779689
425437
30060845
72032440
49417378
111983
54329940
75540301
966289
24334438
5346024
73272084
13081
57755550
18609656
83232328
862717
327893141
89411447
58091
19525561
239906573
58081
77272003
65712829
13282668
919
9323254249
204829
18769
4420417
673
1607929801
242615341
7667337
73647724
1813822921
269
167281
14695067
57942446
628237
521
238541
677
10609
773
264431464441
350551
1670895
4599284
481927
157609
11056271
737881
73959047
22172932
66667
466489
70565063
56056707
537289
20949360
600909151
220769
73378080
99395597
12867347
877969
62677
37383333
111333666889
10624104
285137
57522735
384793
28007029
373844483
6654177
63272348
253009
26025664
27091106
100489
30609149
66943203
863041
80089
46000205
249001
19173946
6985894
591361
566003
127097
48919736
82543
599
132581
17123276
942841
54864272
10201
98029801
181807579321
60701463
2311349
326041
43166796
49034868
78041263
551987
90361
61377880
42589
56995726
100033
19730064
121801
10434160
65081
4388614
52441
259081
751
579121
15494510
654481
133369
43611317
65711966
237169
779689
3438859
26955186
361201
402901
355493
263
200471
66641
16175848
77581287
42777029
38148736
88270084
67567059
14051561
90897741
29276385
109189
296893
32959081
96721
96559392
262679
66049
241081
86704113
691
69294105
227813
683929
25702255
563729
22201
409
43333835
3424979
52441
83034271
69399049
98185451
74074041
579121
310249
43383083
330649247
7561
124609
619
380113
28528577
4735582
95802204
99995687
3009121
563
99031
23768410
13253966
367
93605698
285143
9663859
353281
20877473
9357757
3323257
622001
297071
4483673
97152472
34702079
139351
18637777
77353
466489
94258920
57168721
34586634
776161
326041
253009
80081501
51529
139129
776161
687241
93763929
11658656
46979
5402281
78418926
84829472
977
82890499
218089
829921
29929
27266246
72361
97969
275647
4311491
80089
2897
57004166
9987519
7233754
61913
68065541
58578197
15269886
546121
15021306
90290068
48101
41379355
28064028
82646281
252787
31091828
36977
89579187
91719393
97969
136957
15048579
39995420
3266629
58237392
15591043
518569
62317
1813822921
223
732349
2897
60583360
36247450
27810081
37578115
109
64189635
151
1871514121
326371
11372975
85073
35046437
8914994
51529
69156618
47233
264431464441
418609
79950527
269861
954529
51560380
83165846
821223649
38697870
8392609
112883
62287
23747053
34645838
703621
22413931
72342464
5761827
113569
99746474
21976406
111333666889
76499
37249
241081
31226435
53185773
205771
11176443
66897099
2140883
691
49485320
134689
34663963
119599
79748994
282151
552049
3121877
97100614
398161
6625339
28657
427121
29195943
597529
201601
821223649
29416772
170171
90361
33041863
97605596
401153
73295329
196019
7504849
46849098
40516771
63255849
75570571
13723759
982081
46153698
15596409
49729
15554785
42919
68426678
96239134
33963105
211
84653050
1871514121
1871514121
230676449
68090873
29789265
185761
677329
97438838
863041
293
6359049
826446446281
167281
11449
1119638521
942841
2550409
10443160
30608569
597529
734449
115397
50887
17025266
118969
479
232327
17122047
6957947
86250428
113569
502681
11021
938477
87954429
23894804
51983828
491
1475249
821223649
92609795
39601
1356374
51529
776161
66049
17142229
69112587
32041
65451217
185761
214369
293
677329
3176000
12769
2540669
977
11449
58988536
877969
94786948
14299843
674041
32932513
419941
54737
58556511
26167
567293
66211678
779689
567109
73343881
20411253
355469
269
98243360
97780038
896809
300479
953
110213
56529428
44521
11449
76729
711247
82382534
80089
619369
55719551
577
21147726
80089
71388585
86221
11449
86904923
625357
613
458329
258523
611651
31980215
769
677
9998000299980001
619
277
587
310249
67966483
27522572
9076129
24649
357209
2251400
27889
88181
59461469
16827918
99990001
631
40099
779689
77996619
499
140299
94398126
80128280
15967238
826446446281
157609
42768768
40650497
273529
146689
11009
541
80089
74671290
4434205
567293
59721959
25969955
5753921
42629157
100489
8904924
94741004
45329326
3977793
657721
99990001
108671
15328855
80494560
564001
79652547
273223
11881
32041
157609
77472255
727609
829921
953
69210861
63143853
344569
21251911
187753
822370
13637053
134689
67115562
896809
1813822921
4614086
40591
103031
383
14052702
299209
65236562
942841
63787
39650356
50886573
822649
21831675
410881
77576847
271
3787386
8930635
86725839
60640567
64918017
157
10201
49820623
42781
39499133
591361
73601868
168019
212521
5587655
241
844561
877969
769129
90782547
194219
61935300
60130143
186331
62823029
909009099091
36481
256951
208849
76476898
573049
62663
177773
709
363709817
62536179
772883
36674888
38809
12769
27955854
557
254477
84878952
26575107
191111
769129
573049
22801
4659992
120409
982081
516961
119081
204823
844561
509461
21993394
51529
458329
74057892
107
643
17161
10055686
8293338
263689
88619773
21860902
379
76259742
83699307
134689
28393205
1345465
2416961
69169
109699
822649
73488738
9998000299980001
229829
50684150
464573
42173169
31607609
737881
156809
85828467
185761
885481
30015735
82379693
93536522
27889
107879
677329
249001
79785512
22201
165787
100489
556471
780909169
160801
18140867
14978334
87226189
447721
44521
64989691
175051
326041
457
264431464441
51529
733
31377505
380689
50421145
452929
17232191
151267
174919
598321
35630293
737881
313121
64762425
60131178
89131935
86741
68287136
458233
53912455
17234678
50999319
82646281
89296357
16229576
492179
32041
1647629281
92285621
467
599
696191
733
50455585
123197
2483296
89794868
43602810
201601
264431464441
96669132
32761
146689
176999
11554804
727609
88107264
53216412
160801
674041
43536357
600107
186493
93740654
92376906
727609
597529
36481
25854935
449
691
426409
773
418367
55556916
94846946
375769
94533731
127
797999
157537
29955273
95278429
591361
18769
744769
2897
22873080
737881
8392609
212521
469559
418609
466489
13988242
11298870113
677
994009
779689
249001
208849
173809
34114878
1871514121
59297926
885481
982081
823
75383575
17254049
491401
167281
78961
37358159
57816460
181
33129379
491401
6752823
78581375
316969
27378196
657721
111333666889
271441
21699295
87105232
86815269
82646281
32942176
13772329
10609
40591
826446446281
98191033
85711888
404233
31503049
167473
43034473
55248190
253009
22801
908209
563903
78961
368449
617
128881
9500713
131
537253
398161
316969
94762251
134689
98029801
42993683
591361
863041
80271211
29165120
16881679
104449
822649
63531961
1813822921
333373
27858408
57257826
39068804
112633
60350337
421793
20932730
264431464441
96361
57992147
264431464441
51116854
68285354
8392609
21608593
86642452
50703997
22201
17112094
17309543
44186340
510259
32041
1836146
361841
24649
39774732
867989
10188816
942841
22137328
273529
42142422
25486693
1716347
829921
98029801
40349076
22201
28129684
120409
776161
241081
42631731
491401
22201
323761
27929341
156379
299209
43282311
397
531313
19378381
17298278
104389
13523682
823
458329
457272773
39167112
83427087
18635501
77671711
209557
35427140
24841745
426409
853
11091553
564001
657721
822649
50607644
297821
47744540
19321
61894879
74485770
48639503
5300261
19729839
61299222
17161
40591
86286211
491401
67507262
393773
97545455
237169
185761
12624159
137
22801
839
29853445
54812822
120409
51529
351649
77643978
7526530
9268697
13149653
75892582
229441
935089
64980556
67632348
40866888
863041
292681
1776037
38809
185761
54289
39455632
80844466
126363649
826446446281
211
53853107
85849
70274251
293
97345297
36580779
1647629281
368449
85358693
12769
42402218
11382011
59274083
56044229
2352434
90097165
70780128
863041
62920200
69822466
180107
96620084
118477
954529
66840371
25882157
10510137
292681
197
12052843
3099013
13016329
761
26195107
911
24649
327157
143641
1271508
151321
542957
60079238
2691826
223357
131
63224103
776161
42073514
397
326041
776161
368449
40099
33774469
349
218089
57751850
31626280
84400431
25999861
42701648
877969
16257600
90933653
78449121
192721
413449
56891620
13015038
92221892
225746531
18426451
92231
251
9046447
196787
17161
863
199973
50880886
109561
32361628
58081
71324412
94908840
3970301
4674855839
17912063
19727743
5814409
65369
1813822921
163
214369
528529
42030495
10831064
863
80576547
57242203
349
477481
91829486
14958368
76184983
29474345
53764759
72361888
63001
953
97008881
77927
587
11760991
966289
499
59713460
680429
19708471
614473
93167
844561
13042891
259081
111743
37249
10609
552049
51529
83326978
10455895
173317
683
139
434281
114151
157
99648207
935089
160801
431771
647
437669
6046627
62058226
779689
2360960
546121
128881
181
22801
277
418609
82868393
39410771
27661
1871514121
422179
6464845
124609
57121
410797
988543
844561
26538405
877969
58447
853
421
19184198
147947
822649
134863
32452879
392729
83423433
10589558
546121
776773
727
95094583
528529
541
8009909
258523
363241
769129
151321
12648967
76312984
593
75863
360991
941
263
347549
251
1796933
107231
546121
50344001
822649
38809
95041
695531
222331
525851
71797060
326041
24649
822649
39601
119957
27532372
87647967
71592248
739
56285920
597529
779689
18472745
77412558
37776443
167281
73111
299209
155213
167281
3897642
776161
436433
827
908209
33337501
776161
479
942841
208849
70188916
50305753
695027
719
46521158
139129
128881
464719
17781414
613
907
839
28657
538619
332929
175561
111333666889
12817451
8032137
677329
52441
220249
96743620
253009
26289429
994009
521
42673
491401
373
32556660
896809
97969
552049
139129
324551
4918231
735887
35621
49640377
15852425
20719757
63001
78256038
75200095
619369
337
579121
41176316
8851065
45621386
96721
284891
42944683
84814316
3500743
411623
40591
85825619
72049
863041
573049
52441
935089
12908664
123241
273529
78094671
231703
52441
398161
17161
739
3639968
200219
1813822921
383
52441
779689
131
350821
36954197
85077521
44521
52533067
859
44383810
17916663
911
21809
1119638521
160801
449
46494312
117758441
64311705
859
380689
22801
629107
58681998
36557
56440286
398351
40033429
397
18504192
299209
323161
94249
47365883
16129
32959081
11449
55723592
208849
253009
72239962
42589
209611
339832033
821223649
380689
359
764567
557917
7561
156613
61983173
85653607
75455853
96721
313121
48900334
259081
64202282
398161
55641821
61077704
39601
368449
201601
786769
7083570
80666626
26830651
146959
2429642
908209
196249
76046995
193121
43372431
45736838
157609
435599
90883446
12866993
100489
503
334291
29929
487
70557724
277
160801
583507
22941543
66552440
21971
826446446281
13046251
29065777
407117
96029
96721
290197
128881
196249
18769
335353
196249
14511739
87146558
73307777
146401
44521
64619447
292681
57617359
80697558
2550409
1348807
521291
779689
1119638521
73902979
367
720539
411343
38831165
746789
353
99905138
619
167
51862220
36504938
467
90133
887
200219
50198173
88427683
96721
